6274
1337
6235
5094
2820
5263
8306
6760
4605
3123
5721
2359
4657
7884
9829
1425
983
6768
6246
2852
2353
4776
4172
893
1263
4522
955
7384
4858
5232
6806
9467
4502
4160
5514
6092
7243
7004
7948
323
6753
44
6748
9095
8111
5079
3753
2628
7350
2690
9312
1716
658
6471
1101
6875
7761
9569
4965
1638
6989
3987
5556
7165
5577
6306
4538
8447
8740
4237
1327
1892
864
3988
4049
8984
1343
1088
2656
8635
7013
1455
2791
8683
158
3561
911
2496
95
5764
2049
4418
6400
4279
2653
2713
7762
1783
4879
8259
8292
7404
9613
730
1890
4245
2790
9487
321
6593
3004
6015
7375
3200
3461
5922
9561
9767
4107
1852
7853
3973
4577
8385
8888
9363
747
3293
1517
4223
3437
2560
2053
2685
4297
5688
1484
5911
686
1667
7983
4254
1765
1075
7205
3528
8577
1670
647
7859
3945
992
6608
4578
9534
492
9947
5903
2722
1110
2819
1706
4034
1951
2212
6513
7721
1800
3691
3427
4632
5170
8562
2157
6195
387
793
5627
6127
5736
3201
7724
3571
5780
9505
1018
325
2855
9955
7944
6061
9878
3180
1590
5961
3641
7891
7834
9305
6260
3752
43
9595
7140
1147
6726
3265
3216
9822
13
8825
9042
4241
9422
4800
3395
9527
963
2306
2223
8979
4552
6774
8202
4697
6566
4899
529
4943
4377
535
1713
7144
531
8816
4727
1172
3404
6526
4278
5045
8873
9633
3266
2734
9093
6621
3042
8518
1750
4267
3640
5023
7246
9865
7047
9622
8399
9335
7162
7801
5829
6165
4298
4898
4067
3130
7263
6347
7925
5646
999
7370
5730
8271
7009
4398
9971
6600
2126
3823
6519
6037
8926
2437
5676
5385
1285
2117
2079
868
2793
4089
2323
2960
2610
3520
8298
7135
5229
3743
8786
5214
723
4994
2586
11
7368
5463
6136
1227
6595
394
6917
5781
3759
5747
7053
2925
6261
382
4149
9820
8629
526
5444
6668
3207
2384
2174
6500
8280
3647
9497
4118
3204
8918
962
4494
5848
1695
2769
6992
1365
1206
7819
8588
2337
2122
2207
8059
4715
9784
3450
6409
2264
9923
1555
6739
2888
4583
5902
9104
4003
1981
4904
3825
7751
54
7410
1665
4314
5354
1932
5005
4108
3462
4699
7411
2232
4830
6202
5765
5391
7273
8724
4729
8855
6629
5766
8357
5018
3623
349
2224
494
5837
147
274
7183
5172
9450
6107
8771
5762
8507
2932
1382
2293
5933
4596
4392
2941
5529
2929
8484
6828
7329
6348
3270
1652
6495
4012
8651
3519
7201
1627
4410
1161
9240
5617
5937
6520
227
6455
7998
1594
8641
1663
2436
5323
5785
3205
5266
590
4941
938
7707
4546
273
6315
8199
2128
2080
6785
3953
4523
5790
125
4754
1962
6716
6244
1971
6858
2961
5053
2200
9890
5717
3922
7010
7070
7005
9214
8152
7840
562
3572
2529
826
802
1811
8482
1794
1669
5059
6284
4674
1527
1808
9887
4450
8717
1507
5233
7031
3251
4461
6861
9200
6881
8459
8031
7947
2840
7575
1856
7380
6170
4117
4930
8513
651
7191
7593
3226
8509
5314
8702
1132
1475
8467
1793
6572
5526
3894
6496
4833
2992
1280
1032
4753
1575
9298
7715
7067
4570
219
428
5962
2372
4324
7343
7529
4845
3804
8272
357
9071
1983
8254
1135
7257
4886
6702
7163
8772
5842
5291
8302
4716
2184
193
7351
8405
2014
8139
1632
8668
598
4730
1834
8649
4571
5679
1379
3750
6990
8530
7985
9734
6525
7930
5274
9683
8179
1210
6878
9217
5618
8105
4468
4705
3397
3252
6867
8713
4661
7732
3321
1625
6346
9992
8688
7403
8895
7986
5186
6075
1678
6816
4770
7025
7770
7196
8084
9466
7977
7306
406
9091
2972
1027
1121
5357
7202
7903
2623
9165
4448
6742
6091
7185
1558
6220
5171
2092
7026
3534
3613
6200
3599
4988
1528
9146
4819
2150
7287
2351
6674
2936
9612
1878
9100
5675
2399
918
8878
6537
8060
6236
1383
49
7611
9783
5862
4890
7117
5973
4470
8396
6934
7110
8236
569
3848
8433
440
7677
3906
478
5857
5000
3300
6283
9720
760
680
1586
4046
3407
5876
4025
8689
691
8477
2170
2244
7619
3377
1827
6773
6123
504
7949
4582
6714
6819
6733
6048
2354
685
9922
5727
246
7556
9315
6058
5883
7559
3334
1503
7995
7990
444
5950
3782
447
5116
1618
2668
3364
4496
2587
9960
7771
957
9493
3946
4087
9699
9803
7701
1973
207
1735
3634
2842
7371
6191
7839
8568
3171
8845
2917
1303
4519
7420
3073
5528
1045
6746
4545
9705
3106
8331
3222
7592
1976
7532
8885
6813
7740
2904
5678
3325
3380
9347
9588
6456
8942
9637
7647
926
5482
6355
6432
1180
2029
3324
8213
5028
3708
7293
5956
991
5009
519
5058
3880
303
2104
6919
1364
7661
9654
8700
6180
4977
810
4542
3847
7569
815
3557
2803
6764
4163
25
3760
8908
364
348
7254
1944
7882
2250
3047
994
8058
5808
2969
8633
2138
5878
137
2365
9270
9338
1231
5637
9610
8931
5456
6264
129
5361
7215
4817
4130
2385
6148
9592
3621
2136
5964
1094
1606
7808
2220
1940
4295
8508
9618
5072
9140
9873
5705
4056
8063
7714
1948
8852
7858
9529
4064
6811
3060
396
6798
4415
2834
4214
7528
9273
5453
8439
7475
3645
9522
5608
430
8860
770
5533
8506
6569
1212
3706
2565
1120
6017
1904
362
3841
9032
133
9790
9623
3234
4411
8875
8622
369
9898
669
1523
8974
4196
794
6903
4785
8571
4518
6662
1501
9676
2376
9558
8440
4498
2951
3209
2141
4566
8897
8997
3703
7697
2532
5076
5569
6035
9381
5253
3453
3210
6356
7129
9429
5109
3135
9456
4371
3394
2124
9768
2931
9658
7390
3859
4756
7281
9766
30
4935
9851
9065
4821
5923
796
1244
6263
9325
9813
5203
2976
7347
8687
8608
7059
472
7741
7139
4625
1957
4047
8884
5230
7379
2191
2236
924
6879
571
9063
9141
1444
2186
2895
2513
4751
8359
7470
3785
4659
6792
71
9903
5098
2218
1636
5672
5540
3423
2581
7800
9647
9616
5718
5604
4382
9179
4387
3676
762
3357
9131
4210
2073
4351
8614
4406
6019
8169
9233
5368
8161
5824
5674
4182
16
9484
2627
3616
2320
8646
3622
1681
7596
5920
5932
7387
490
9101
1319
8232
3007
578
5051
654
9396
7435
8841
4662
9236
7516
3971
3803
7846
3868
2173
2777
8893
453
8862
3371
122
427
8346
1998
1806
1406
3286
5442
3683
5823
4601
2283
1531
9281
3027
705
1464
6231
9005
8746
4927
3918
5613
871
8287
9587
243
3366
6225
5041
6901
3858
8936
2005
9725
5508
1607
933
1872
2291
8478
2980
3239
4902
9580
9123
3535
5069
4006
4201
5958
8544
5320
4165
4822
9535
5963
8468
8262
2023
449
1252
8531
109
3636
7173
4905
9097
2658
8660
4386
3354
8470
1439
4864
5085
4682
8362
3054
9259
5531
2669
4264
714
3635
2378
3280
4896
8653
9167
3794
2260
7038
245
2918
2521
3776
7880
6156
2064
2757
4987
7242
9326
4854
3282
3506
1933
7145
3766
338
7267
8848
2327
9649
3315
5709
3304
4171
2011
5212
2592
3080
930
799
7642
4840
4855
9688
4427
1184
8121
8326
6902
1324
5501
6503
4713
1634
2056
5119
6544
377
9519
3592
1895
5590
956
9134
3465
6900
5358
2989
8336
3846
1223
2692
9403
4336
2829
1461
9242
6022
2848
3958
4467
5996
5438
7759
9638
3053
637
3408
26
293
1081
7052
5870
8552
6007
7718
3341
6052
7728
8486
7413
79
6481
1707
8515
1193
3909
7250
6844
3605
1354
5439
1929
8338
2764
2395
5959
2905
3996
9147
2874
4694
9193
7124
1281
8599
8301
1368
8327
6993
5822
6981
9494
2555
4957
450
5093
2427
7984
2590
1157
2525
83
8788
6749
2910
7321
4150
4540
6150
6521
2697
6979
4122
4958
8652
4959
4911
5643
2853
5836
6256
3673
2825
2894
7653
4136
9139
6447
5010
4037
5598
4357
4687
2405
2347
4755
9296
8118
6076
3235
1534
3474
791
4650
9457
1200
2954
6793
7088
6149
7382
2806
7346
7691
5479
5227
7650
6972
6954
5142
3455
6190
643
4396
1154
7377
3056
2643
664
8853
9657
7221
6192
7696
1970
2997
94
9040
3849
3230
9218
334
6276
5294
7773
165
1033
3117
6046
9742
5892
536
3873
8006
4076
6012
1182
5395
3072
392
9924
523
9339
9954
5236
4081
121
8787
8465
1274
464
4284
5081
5207
4788
6847
6106
6041
6729
9088
8966
235
9344
468
8657
345
7831
2037
1367
8665
4167
9061
135
5210
8549
7500
6009
6676
817
9853
2985
7111
4749
4333
1736
2417
6948
6254
2646
8610
186
5625
9178
9800
3547
9739
5757
4197
3044
6626
1791
2933
2909
6397
3533
7461
4602
1307
3374
7521
3722
1476
944
3120
1026
1804
7863
6971
7425
6096
3302
4027
1071
5719
2859
988
6241
2368
2296
3267
3145
8076
2766
7651
412
551
3173
5038
6567
7325
6082
8612
9300
5782
7365
6611
8989
8192
88
4114
8719
6507
4532
6631
9021
5534
107
6883
5078
9197
5936
5980
8300
8215
3417
7527
1366
1498
8505
233
4384
6800
3160
2139
741
1472
9663
6100
8836
7681
9440
1325
8826
3085
2539
6700
3512
2691
5481
1848
9365
1118
4856
8137
702
347
2382
9423
2824
69
8007
3498
853
925
6295
7078
9357
942
6090
5572
2386
6389
1478
1482
5198
778
3318
829
8927
5446
290
139
6654
6094
8686
4536
5355
3039
6827
2810
6431
8560
2991
9812
7439
3885
6
4971
7973
4620
6927
2721
8131
3414
9480
3172
5506
9425
2908
9067
2839
9560
3739
2614
1015
2187
4479
3261
2105
4585
8800
4670
7109
4530
5166
5548
134
4933
1925
4617
1402
1767
9869
1910
6788
5502
3284
5759
6321
4506
167
1269
3554
2816
1915
1273
8196
3237
9087
6504
6815
1941
3191
7621
8628
5432
1111
7153
3559
3110
2981
6653
269
138
5421
474
9048
6638
5819
7805
3111
5414
804
3246
5655
315
2984
2794
403
3022
8155
6287
9337
7817
3723
6399
333
3338
557
2432
3608
6779
5276
3340
2304
312
4807
1758
7219
8162
6581
6751
4934
8480
1617
6651
8554
3382
7083
9810
3348
1317
7209
5882
3710
1505
3067
6738
6974
3317
2615
6817
2641
7982
5574
4301
3248
8969
6369
814
4127
7799
3090
6508
2582
9198
5147
6115
9051
4606
6249
6470
3077
2036
9331
9410
7622
7294
1937
4312
8561
1935
9548
8752
4028
7526
2811
5974
5652
7074
401
867
5254
7192
7956
670
5247
7442
8174
2309
4442
7969
8676
2484
5178
7149
8257
1491
9854
653
4838
8732
8046
9397
1176
1805
2288
3569
3289
5252
9794
7615
5597
7960
6940
6330
6786
2262
5630
8318
5654
2352
8096
8069
6222
5029
612
8634
8383
1825
8625
5900
6803
1356
652
5113
7130
7756
7259
9031
565
7366
8324
6464
9956
53
2393
5601
9958
1296
5541
4835
1987
2883
8032
8912
1264
9047
5306
6354
9152
4110
7700
3807
9518
8823
7097
9401
8737
3091
913
2515
3139
84
6936
7060
5669
1357
6646
6708
8801
8963
7284
1253
9884
9749
5592
5731
4075
6829
8887
8224
4769
3196
2074
4292
2616
8877
438
5647
2635
4733
759
740
7458
2591
4836
4342
8151
8938
8289
4334
8268
9843
3148
5475
5339
7910
6985
258
5327
1133
3513
417
2644
3840
9921
6130
5771
9441
4193
2067
9175
8315
2466
3345
4449
8754
4434
9369
9502
1129
6820
7478
6396
3544
3546
4378
2845
9883
284
8303
8527
2966
9732
825
935
4145
8165
1629
288
3916
9838
7922
3877
7686
6706
182
4669
1540
1943
8678
7082
7586
7418
9117
998
7739
7733
6251
9546
6477
6006
4920
2827
2630
8917
6194
194
5868
4846
97
7248
2486
5649
5607
5217
7932
242
7643
5126
409
8547
9727
3411
1350
7456
2862
5329
9769
4232
2211
8219
6028
8210
7916
1198
3637
5091
2896
7498
9846
5199
863
808
3233
7331
8972
4844
9080
1754
2567
7606
9321
7886
1416
6527
1039
7064
7524
6620
6562
7549
3118
6363
7824
4425
5564
5347
8417
3499
8404
8119
3679
78
8868
516
4231
7551
9191
2937
299
1229
1965
713
3212
2018
597
1308
6926
8261
9508
2815
8607
4213
2318
4266
4761
4204
7540
7664
2033
7023
7336
2498
7588
1518
4909
4791
3018
3955
2175
7029
1850
7535
8157
1535
5188
8024
9885
1494
5901
1647
6377
9837
9073
1189
6517
5491
6683
7755
3842
7407
1375
2706
1203
3055
8463
8132
5150
1254
912
8050
6533
811
8550
4812
2678
9435
712
6365
675
5919
8456
8100
6635
1918
5046
200
2057
8514
7670
1657
8045
7603
55
3881
2371
3375
2765
8546
4790
4272
2483
1230
415
4009
7195
6197
7349
9808
4560
2642
970
3934
3949
8435
2557
2487
9680
7032
340
6486
463
5206
4848
958
8427
8330
5943
1720
2893
4116
7072
738
1847
3332
3108
4815
953
725
7280
8375
9
358
5899
1729
1863
3041
7905
8342
5864
7210
5470
6097
8529
3745
8085
66
5197
8436
103
8367
9994
6026
1561
5473
5044
8065
1499
2303
2611
3299
1409
405
2843
4277
512
533
1519
477
7885
9738
679
6099
7534
1870
5989
5429
4598
9163
7917
9696
6826
9942
3532
8432
6730
3977
1130
9058
6252
6833
8844
3854
9084
29
231
2276
6639
9038
2712
9469
7253
9914
4187
915
4491
5192
1322
3320
2698
3707
9478
6667
3138
5701
3576
9551
408
7785
688
5570
6787
6701
9553
3107
2524
8809
4471
4368
7638
4891
3152
8566
8156
7305
5909
3664
2767
6169
2428
4780
2446
2149
3049
7037
407
5738
3758
1061
8225
5793
6468
1911
4181
2869
1978
6725
9096
5866
7044
7197
9143
4132
605
2292
104
1346
5690
6466
1143
9286
6033
8662
259
7103
3917
4774
6658
3967
6675
6338
8235
3884
7252
1656
1833
1344
2821
9483
3038
3481
1593
4629
1504
2875
5040
7974
1690
9226
7988
7646
8093
954
4668
785
3116
1446
6114
774
6411
7659
6987
9115
1241
8337
1434
3095
2870
8519
6401
7282
8218
3793
3939
4563
1551
6128
9905
3887
4938
2620
461
3914
7068
1550
6565
6523
546
9692
1956
6603
6650
6762
764
5267
3943
6644
1559
5951
599
3778
7011
3322
4422
4080
6497
2701
3469
2505
59
9222
8618
4011
2694
757
4472
4354
6250
9537
2809
1087
9219
287
3370
969
5946
5725
456
9698
7357
9723
1038
2063
8993
3942
8260
2916
374
9701
3224
859
1166
3399
2491
2889
3262
5581
1626
8769
5324
8278
7397
7180
5336
7747
9600
1838
6599
7071
775
1619
5377
7356
1040
9906
1968
5875
4983
3199
5611
5387
4804
6423
9154
7033
493
6823
3005
4024
6539
6690
7662
2429
8829
5223
5666
297
7865
7639
6735
1115
7909
2530
1608
5019
261
6842
5600
2380
3765
2076
2573
9307
5235
9196
5965
9918
7874
9614
3754
9872
3051
9785
3383
6154
8758
5527
3602
5561
5981
5011
6642
9979
1526
8000
9929
3845
8081
5893
5804
4802
6387
9108
1119
2652
7150
2278
9626
1238
4794
1645
6585
3229
9124
8733
5622
7233
4777
2020
5246
6761
5139
6822
4621
9418
34
4030
6920
9069
8295
525
7940
5658
481
3114
5642
2612
8078
2109
2943
5075
6950
9565
9788
5162
1631
8307
2647
1624
8770
9564
4280
8243
3517
7385
6704
2576
3523
2125
6446
640
5554
2666
9120
1477
838
9991
411
8124
6543
7825
460
1483
5278
7507
7433
3057
4850
1249
238
8731
2548
185
6884
6877
4459
7426
2792
6238
3063
5175
8109
7289
5420
9697
3202
1283
7802
5664
7888
979
5904
9279
695
4290
2613
4207
3801
1934
1792
2730
5405
5928
7708
9424
4952
556
2084
3567
9876
997
7125
6332
564
1153
8894
5844
7457
1842
5851
3833
5412
8015
4634
9066
3716
6137
6482
6122
2942
6227
8130
2202
9830
4476
9495
4734
7323
9114
1843
8002
7175
4796
5211
4141
1463
3805
7548
9672
835
4349
9513
1588
585
8742
570
4597
902
176
8229
4269
9512
6425
8079
1029
2872
2998
1776
1012
6808
696
1661
7412
8027
8197
3687
352
1830
6498
1266
4642
2078
457
6568
6352
8863
8230
2938
3985
8263
7978
5338
448
3839
2520
856
8329
6040
1840
7682
6390
6712
5840
3588
3685
6112
423
7444
9643
2452
9151
2866
8864
5241
1362
1931
5305
5807
8645
9777
5487
8503
3931
9291
8965
9029
3220
4714
9936
9659
8253
4967
2900
7753
3144
755
6275
5957
3473
8915
4640
4747
7656
632
9763
8784
6226
8539
2547
22
1044
4261
6133
7028
2356
3508
1866
2133
3727
2314
563
5476
306
2253
2556
3624
38
5794
3431
6223
3297
491
2090
8226
2967
2786
3511
435
5187
827
9988
9027
5366
1079
7780
1832
3428
9809
9642
732
1876
2438
3489
5464
7138
6095
8120
8126
6880
6228
3153
7450
5978
4859
1751
7946
7630
960
5954
1141
9290
5803
9940
7206
7966
4179
5103
9856
524
8471
5104
9421
6038
1195
2717
1589
1187
7660
5497
1615
3463
9078
1024
1949
5415
1069
1658
342
199
443
5286
6999
156
8995
7828
2346
1816
528
1400
2832
1096
9252
4274
2251
5800
424
6743
37
7363
6031
6003
907
9316
5180
1369
9860
439
552
1653
28
5659
3045
2094
2355
6417
7908
5512
4752
7777
5430
7429
5333
2959
4901
1197
4575
6693
1468
903
7590
3503
9712
9751
2799
3446
8462
9227
3464
607
8378
5681
5129
3078
7086
3694
9404
5777
3351
7648
7424
8638
7717
2477
3373
8677
5064
1086
385
1332
4547
7054
1140
1566
7487
5218
7274
6018
4572
8764
8328
8071
5968
1003
7345
7207
1162
254
1488
8734
4717
9364
6645
3666
3601
99
3010
2828
2817
4814
3244
8198
681
9974
7335
604
9282
1188
3684
356
5042
5371
2798
4763
1807
1733
9320
6316
3030
5131
6257
7796
8316
4325
3643
5555
9215
558
5535
7847
2413
1173
3709
6014
3186
7318
9925
489
783
3550
9322
6670
9180
7553
1873
2785
5998
9510
1646
2027
5082
9814
2672
1974
5532
2409
9599
80
2540
2974
1837
508
9074
1565
1719
5894
3882
9142
6216
2065
4343
6121
2949
1640
2510
8761
975
6203
5216
9490
3093
3800
1247
9025
1058
1220
707
4910
8854
1277
3451
3163
4061
7146
1205
9015
9386
6218
7807
945
7019
9506
7830
2205
5465
1490
7835
108
9668
7833
7742
9674
9919
9975
3454
7991
8317
5494
2572
6769
2873
9416
9407
5341
3974
4970
9248
6766
5483
6454
4286
8980
413
5931
9927
9224
7405
602
6998
5858
5825
420
2640
40
7695
2686
3279
9390
6681
4430
8421
9857
9823
3083
3149
9372
4999
9826
6545
5817
548
6745
4762
6141
3814
9398
7494
7235
9667
5685
9118
6339
6506
2744
6876
2784
4980
4641
9245
1533
4036
4158
4630
379
4954
2294
1975
797
5435
9815
3214
8913
3151
9733
8176
4626
74
3393
5003
4511
542
8264
5138
3548
3452
3339
9306
8458
4702
1334
7766
6606
4827
2537
4328
7965
8609
4219
9576
3649
9945
6673
9717
3184
2542
2619
9824
4065
3161
5257
2857
3198
5343
7632
7705
6318
6230
8496
4829
7768
9289
2235
2850
7024
5626
839
5156
272
3830
3242
6561
5921
9694
8783
1065
5123
4451
1723
2114
3522
1328
7968
8323
6488
8679
506
3816
4526
1194
5056
1431
9639
3644
663
5485
6382
9329
751
3993
898
6378
5586
92
4455
2426
6004
64
6124
5559
4693
6253
4648
5399
8116
3809
8890
201
1072
4616
247
5311
2379
8570
4738
7419
7890
4906
4010
3495
5519
9817
5071
5949
8946
5810
173
1946
1011
5342
2891
3312
365
623
4646
8817
4420
5117
3457
206
1169
2899
5248
9302
1144
9601
8147
5153
7468
2424
8442
9726
4645
9001
6070
2330
5083
5002
3566
8028
904
8415
8309
9243
7877
6579
2472
6485
841
1105
8277
5144
9849
5039
9176
3305
4492
7423
767
613
8335
6703
7309
2402
5756
2178
8606
521
7752
2699
1389
2336
4247
568
4862
2919
3024
1691
3094
4590
241
2897
6196
9221
4562
1301
1954
1668
2214
1218
1883
7570
4300
7101
2772
4490
4072
6326
821
1597
298
5852
277
3389
1151
7798
2091
4004
3169
860
7465
5012
961
1415
112
677
3442
3876
5641
7815
4379
845
1871
622
584
2143
7601
429
4707
15
7264
9020
9651
7698
2203
6440
170
8755
6772
5496
7748
7093
5743
7315
2544
7552
1489
1123
8865
7873
6034
4228
3581
8158
9304
1928
8187
5634
6578
1868
7474
1392
8906
7722
6460
7912
7001
1912
3040
2411
624
8812
6085
7128
3432
9566
9009
5158
1458
6588
6463
9507
1576
1174
161
7758
8535
2168
6144
3128
580
6065
3560
8996
5293
5431
9436
6553
9284
9517
3121
4224
8736
9671
9908
116
1741
9590
527
4353
2072
6449
1966
6632
4847
7049
4653
2808
5226
9752
7015
5125
1136
2066
1547
2031
6548
7674
5234
9545
9264
5068
2469
1116
3359
3642
1360
619
1671
5455
8191
6313
6271
4216
3912
7021
1009
6677
7627
7158
5381
9640
4079
4125
2575
8035
6307
5671
693
7319
1886
2564
5735
2580
8728
6374
1293
9043
9448
4192
9629
8144
2243
7112
9276
8744
2345
9192
6435
7447
614
7822
2162
4331
3001
1395
5924
939
4889
160
1726
5748
7400
8904
8945
583
1112
144
538
7152
4168
9056
8922
2538
5396
5296
9173
2990
8655
5474
5077
5070
5729
6505
6336
7635
4291
1376
145
9677
9269
3657
4493
1718
4409
4937
8097
2271
5060
869
4070
2017
7841
2163
9755
6781
7555
6224
9209
6838
8334
5004
7260
7510
1936
2838
2433
8512
3253
5303
8910
3082
6834
8729
9832
2624
6628
6188
8108
4704
9579
3587
2973
883
3926
4725
7360
3950
3264
3551
8587
136
2723
3360
8110
3725
6887
4759
8580
2912
7918
6607
3295
3525
1398
7369
7079
4710
8565
7919
7261
9385
7684
8695
3737
8697
2234
248
9779
2778
7189
8921
4995
1256
9978
1546
2450
9188
3997
5524
3501
9328
180
2738
7393
1397
4877
2043
8574
777
666
8234
497
9211
8344
9935
7184
7058
9528
6304
4573
1702
6322
3792
4772
6831
9589
8495
6372
4151
7099
3757
7354
3638
7016
5853
6145
3655
6633
753
9330
4557
1236
8127
4561
9041
7322
9251
5273
8381
8814
1336
4248
4135
2585
6089
5692
9524
4495
6709
1801
1046
8402
8370
3867
4851
3298
8551
192
9615
8016
6359
8589
3398
2445
2876
6551
6343
716
5704
1374
2418
4016
1777
3483
3580
3048
7629
7950
5867
1108
1984
3970
3543
4549
4345
7020
2846
4721
2913
5737
3211
3552
1036
1378
3097
3869
9695
6384
8217
8023
3735
5699
4828
2986
2695
3586
6074
4806
4837
1899
9797
3257
7151
2758
7120
1126
8380
3187
2000
7591
4380
3721
9098
9082
7782
7226
4321
4437
2252
436
7406
7040
6296
1591
6461
8954
5948
6494
5243
2737
7106
7720
3505
1764
8
5344
6286
8712
8255
327
3419
5624
9741
4893
1407
5969
371
7869
2404
5792
842
2463
882
4737
3384
2920
689
910
5425
507
8493
3137
5394
3185
5350
8190
5280
2948
7980
6221
6944
8149
1445
683
4480
9352
7311
7679
2584
3672
8856
7672
1980
9380
1686
1284
8448
8400
4178
1219
9871
9582
6590
2736
595
5536
7897
24
9745
3755
2295
4183
7546
6334
2325
5174
3843
792
1128
8564
9899
5057
6199
4360
466
4370
6027
4976
7131
3221
2225
5388
499
4853
5691
2512
4950
1090
4008
823
9604
929
7678
7876
1138
6862
3740
5062
8516
2350
9818
5427
6297
6177
5953
5935
4395
3468
9868
894
9893
4604
7895
6780
1228
2775
1460
885
2085
9962
2442
3514
5213
1532
7396
5365
4692
9617
2617
1271
9501
7992
7920
2416
620
5941
4372
9690
4390
7446
8104
4871
2823
6182
5400
9343
3102
786
8594
2779
7607
5288
6300
5231
2228
6962
4097
2561
1237
4463
5779
9090
8640
124
7616
9485
5043
3127
239
621
593
4907
8582
3633
8776
3062
6143
9129
1456
7595
7490
4433
3811
6966
2161
2546
4317
1175
8166
588
4408
7719
4818
3879
42
9577
2903
2519
6036
5436
4339
9168
4916
2013
62
6268
6973
7699
820
7353
9463
5049
6541
5832
4799
3865
7735
39
1506
8055
5055
9314
9280
9782
9247
2032
3259
7929
8090
4832
5993
4908
8159
172
9195
8708
6988
7084
9258
9292
3556
1513
8521
5088
3331
9030
4541
1000
8284
398
1788
3731
4868
3734
7388
3904
2302
265
5934
3420
1017
5653
9861
5967
7519
9426
2407
264
1580
4887
4017
3002
4926
1282
7767
879
2928
3350
1037
941
3998
7007
143
2221
3146
6155
2129
2805
5889
9636
9740
4728
2607
3059
2988
5411
4391
4925
9792
4093
4793
9819
7230
1907
4373
6904
6272
8313
6424
483
1673
343
540
3574
8579
2075
3688
6174
3905
4654
7937
4504
7557
3496
3491
7652
2401
8374
7774
5543
5518
6160
6492
2216
2182
6213
3965
4326
3771
8434
6698
4953
5469
5504
5585
6514
3639
887
4618
3938
6687
2634
3150
928
8943
6489
2907
2579
4678
9327
6863
5424
9057
3447
1744
8902
5048
9409
5815
9895
8595
7483
4700
9977
1515
700
4394
1191
6938
513
749
5191
1396
4244
5947
9050
4091
372
6836
875
6000
3565
8112
5061
257
5713
6975
5459
6433
1881
6983
480
2847
5523
4866
4595
4586
8553
3978
3568
2070
2028
2479
3936
5258
6083
2748
2495
3717
5879
7655
3311
6064
974
8171
2898
7512
4865
4722
3358
2551
8491
2664
9499
8249
7709
215
1784
2360
1341
5417
3700
934
3836
3430
2215
4945
1988
2795
9044
9033
6848
8874
8533
7092
5312
6911
4513
6939
3061
6812
2947
6032
2629
8245
251
828
9828
3424
4711
9913
9260
9431
224
6215
9332
1727
384
7589
7964
3168
3824
3669
9598
1158
3306
5566
6791
7972
7502
4001
8994
2443
2689
7501
4638
8952
20
5722
9099
5872
3749
2195
9648
3583
1581
6511
6615
7811
8714
1569
6923
1537
4592
7452
7706
7612
7108
4429
3113
7271
3285
2885
1495
1232
6337
4946
7727
6552
5375
1905
7936
4709
3365
1225
5982
6008
6522
7587
8711
7090
8964
5299
2312
8806
5454
1759
3968
6219
756
93
9746
2390
3898
5500
5033
7122
2010
4365
4039
1345
3702
9334
6462
6361
4652
9583
4307
1186
3390
781
8286
4156
7348
1085
7459
7231
2502
5795
3763
8320
9361
486
6727
4742
3762
4260
5440
4631
7228
2008
6554
6357
1170
1739
6616
1316
5557
2315
5710
8709
4302
8172
5596
3263
8920
5189
7065
706
7568
7750
2062
1775
5582
6666
1989
8593
4262
3192
2760
9748
7313
437
6293
5621
7810
196
9634
5760
3957
149
1880
9606
6383
7599
4100
668
5929
1604
5783
9786
7505
7268
5843
8948
8392
5222
496
509
6757
8749
3555
6717
8212
4175
4870
6697
2041
4240
3448
9438
7803
2476
8831
1199
1748
2338
3402
3600
9821
8909
5298
9718
7171
454
5080
3177
6850
2802
3629
3379
432
419
9106
6005
4783
9230
3272
1226
3589
6782
2054
6493
5628
9760
2468
5952
5449
6601
4961
2707
8680
1766
4184
9802
8611
1530
8766
7134
4501
4033
7030
1877
4369
3247
4612
4683
6991
9874
3273
7495
8180
9568
8968
9452
9026
8673
2559
7710
9433
6871
2552
505
4113
7342
9719
5578
9943
1262
4633
1331
8623
1469
6398
1761
4757
6872
7283
2599
4892
8003
9037
1672
57
1582
1486
1947
5575
8052
8576
5362
6758
7320
5831
6406
2166
8282
2268
3162
7107
4048
5726
6924
386
8782
5881
3521
76
8581
5295
5994
4939
1049
3893
2715
2987
8932
3109
2153
8916
4611
4569
9267
1613
4969
2204
6265
6164
9541
9530
6866
6728
4268
5750
545
8388
8681
3435
9206
3425
6890
280
9728
4923
4894
3236
880
5838
1048
8223
1107
6612
7585
2550
1387
1524
6528
14
848
2140
550
6499
5971
9963
596
3989
5520
544
1275
7518
4726
7394
1363
6285
4485
9543
4860
8013
6029
4588
2332
2340
6201
5326
195
2754
1977
8026
3134
1820
9428
573
4499
2026
8446
3440
4947
7971
208
6918
4931
2836
1430
2578
8961
6303
426
27
7076
1664
4436
1177
7462
339
6775
8481
6933
6932
3862
7454
7843
4696
210
87
9926
3098
5573
8497
547
9912
1995
644
3798
3349
1292
3675
6340
1795
3219
3855
7373
4746
687
5428
7530
3786
8418
2884
7170
9345
6914
5697
4439
7749
3964
1684
9700
2528
4142
9937
4537
3277
4503
8780
3744
4445
7963
4265
9750
9965
3928
7614
3388
4608
831
6722
4090
7098
5413
140
3714
7976
3403
1051
1302
2408
8029
4323
8805
8086
851
1440
8360
75
3670
2657
9581
7837
4884
9220
7531
5551
1810
7039
3994
6849
9985
6269
6153
2950
711
1514
1010
8314
6109
8239
60
8871
1179
6024
2210
8025
1803
9216
3598
6086
5351
1390
7314
9951
190
9574
5383
1427
7372
8409
8070
4101
8690
5813
263
616
5550
2781
9189
8012
8238
3742
1682
146
2222
8354
7214
5891
1621
2448
2123
7675
5537
8811
3614
3258
7041
5619
8266
5677
6692
3133
368
5099
9655
310
6802
3376
8828
7089
7048
8950
455
8880
4820
6557
1358
119
4173
7582
1964
9111
6589
744
3124
6636
7857
127
1294
4174
7565
6869
1437
7915
9987
3017
3595
4381
6055
4419
8675
1447
8276
8422
7583
222
7035
1583
8485
4453
282
5854
7096
9652
1113
2042
1703
5054
2527
8528
3101
6582
3992
9882
3330
9848
7249
5111
9801
7332
2684
3665
9646
1023
3074
275
6839
4928
5683
9775
7797
6072
8094
479
1167
9933
9228
4413
4795
3249
5568
1202
4913
268
4781
1099
1320
6614
1276
1666
9804
1479
5261
9547
4102
1743
7229
1991
9155
4319
4989
7634
2154
7663
3718
3972
2206
1340
865
4861
8983
3283
8940
3819
1288
7127
9081
3795
9308
5152
2549
2963
534
8944
3788
3654
7894
8739
9920
360
8797
1768
2523
3449
9477
3182
6407
7133
9863
9850
2388
1676
1055
6126
4194
1644
6518
7467
6209
7836
7310
2927
3482
1413
9046
3563
3541
6672
4393
7790
6312
3122
8114
1041
2999
7339
5373
1849
5615
4897
7486
7996
2593
7489
2868
5755
5334
5984
3562
3012
2493
5024
5136
399
5120
6680
7073
9362
2751
9931
2716
8592
6531
3213
866
6859
8861
5027
9721
5874
5877
8692
4458
3748
1359
7644
2270
6173
6415
8710
6290
7536
1330
5285
1149
5939
8934
7056
7164
9094
2137
9841
8583
7203
7564
6333
1799
4311
2680
1955
2485
4120
8188
4346
1893
9496
1190
8791
6262
1412
4883
4719
7604
1233
7829
7432
5331
8596
7017
5224
8290
1879
389
6051
9018
4679
202
2101
610
5225
733
2172
6530
6308
768
2955
5328
5662
8835
6267
1234
6648
575
1006
9479
9137
3438
7355
5106
4212
7687
4094
9348
6959
6210
5160
1311
2197
5788
373
9089
7324
1122
3415
9054
3443
8667
9791
5723
2849
773
2497
746
566
5623
611
8454
7953
8584
9833
3895
4599
3920
5856
2229
9359
181
2618
4285
9223
9702
6625
4073
6740
7448
586
5927
6011
5193
2391
7496
784
2911
2333
8630
2957
336
581
1259
9770
8567
7942
5897
8648
2499
5917
6665
3218
375
1073
8373
7624
326
2926
2324
9585
3174
7598
9481
3515
9354
8376
4186
662
5124
8208
8177
6410
7119
4015
9162
393
7362
6162
5752
2702
5799
7104
2742
6465
4416
23
4558
1622
1728
4975
7499
8694
5591
921
2145
6362
577
8074
1972
5576
2331
3966
1815
9391
6825
8602
2488
7864
5761
6310
5297
2006
9148
7270
1714
1572
6391
748
6624
4651
780
2473
3701
8274
1028
9333
722
8804
3558
2362
5689
3980
4671
9904
3434
2100
8019
8297
5587
8498
5814
1790
758
830
9765
1035
9771
7312
5724
8919
2201
5256
8590
1896
5215
5460
7954
4982
475
5007
9299
8843
5488
2474
8777
3076
8756
2743
2088
1014
1660
7279
2361
3975
3096
7561
1927
9521
5066
8293
7466
1450
9681
8150
7367
964
9686
8200
8837
1813
5767
6247
5918
9297
9035
3925
9799
1903
7265
1289
1812
8534
9491
3954
5194
2272
7689
8083
9011
249
813
8563
7401
6474
1377
6630
4086
6547
1373
9085
5493
3851
4460
7594
4055
1060
187
6982
4014
7547
554
3524
8371
6963
2554
4686
2300
5478
9596
3680
3913
4805
7620
7186
9341
2776
6429
8999
6056
2374
6418
8949
1587
2626
2009
1860
9443
7711
9472
9150
6586
7463
5742
7160
8420
5423
4454
7121
3132
7503
8762
8406
8273
1481
7702
4900
1740
6597
9539
6856
2194
7849
6239
4684
8971
9434
1683
4966
4951
6643
9462
9597
2115
6062
2608
9249
8138
5397
5200
1160
1417
6801
433
7931
3902
6331
6289
6157
6459
5201
1272
1541
8214
9910
4644
5332
2156
661
6386
8384
4215
9028
5906
5108
7704
1722
5583
8794
6659
7787
1705
919
3167
8102
591
5855
4273
4252
1578
1067
5130
4465
3342
9138
7147
6776
8153
3579
155
65
5796
7539
8128
8951
8879
5925
7765
9350
9990
5410
9013
2787
3866
9016
1394
5594
4098
2563
7392
8066
5517
9353
874
5445
884
7485
5979
5462
1487
7022
4720
2964
307
5154
4637
1309
3741
4322
4318
9948
9268
9411
1611
3886
4428
9394
4486
8431
4191
4031
7904
9526
8935
9231
7523
7245
2595
2051
5871
410
353
6682
470
589
50
4069
7613
152
7852
7493
9408
5916
1025
8704
1342
5090
2412
1749
3355
5560
1596
1620
3921
5716
560
2381
8721
8034
6050
9185
6484
1001
2770
7961
4903
3527
131
9076
4131
9256
4162
9710
7544
4986
3746
8956
7045
8413
4159
3084
4352
4310
8858
4765
85
1711
8793
8207
7734
1421
6754
9049
2414
4568
7443
8914
3531
1304
2035
2193
8819
6841
7472
3899
5599
2807
2813
8450
5657
7217
2339
7979
8244
1967
3208
3646
6437
6721
665
1746
378
2854
7896
1584
8990
8424
4195
205
1599
5663
7182
803
4226
7861
5277
1817
6583
6922
3900
4338
2801
4389
6309
4385
1057
3291
3260
9413
8832
5509
7034
5185
5580
3948
3147
4991
8957
1616
7893
2039
2098
7154
3014
234
7844
5563
750
6967
2044
3470
8555
673
8416
9635
5565
5702
7537
3663
6131
2506
3089
9482
8738
7666
370
1779
9464
9556
8901
2725
8099
4124
5016
3058
1295
5707
5467
1104
9077
3874
1557
7187
8038
4066
8718
9552
2636
7713
9941
1600
9559
2892
8349
7554
3290
2651
9758
6328
9045
4888
3611
304
3713
704
559
8803
9862
2822
5595
1371
1098
3016
9303
8631
7451
8849
1755
5913
2239
6960
1829
35
2297
2375
2425
1938
3828
5516
5629
4253
4639
105
9533
9476
5356
2083
1370
4881
5015
4225
8423
1785
7520
4771
3141
901
2788
1163
7736
9774
4236
8847
3820
68
6320
1114
2533
6142
5196
47
4918
7399
335
4315
4610
6323
9161
4407
9266
1862
2265
3478
7364
9132
6711
1030
484
7934
5282
86
9199
3460
543
1097
8403
3526
7376
5926
9356
8062
502
2939
3889
7481
36
1493
2648
2718
6885
769
6952
3155
7000
4544
8168
4520
6001
628
2914
656
5983
6181
1092
8449
6487
2305
7218
8269
8896
1512
3445
7845
899
4826
5827
2882
6159
4875
3982
2171
2106
4664
8113
5404
3119
4180
3385
7427
2130
710
8181
5458
7118
5398
7488
8256
6212
709
5945
9984
3129
4533
1717
487
7220
9453
1787
5114
7381
7680
6140
2440
4936
5905
337
3276
6580
2982
5013
7576
8759
4327
2569
7608
9831
3761
5940
5741
7216
5301
5006
5682
4534
2464
7812
1786
3502
3632
3979
63
1979
1298
7055
6002
7402
7428
4842
6453
9753
2241
4528
971
1628
4688
1960
2945
858
5849
3422
8332
2342
9907
1997
2209
7838
6175
2151
4397
1721
3492
7102
3238
1496
6515
4077
3023
7416
2107
3307
892
9880
5606
148
48
6405
1724
6532
7926
7816
5869
5740
9254
8624
8222
6277
4035
1500
7239
2902
6685
3651
895
3392
9916
1710
8020
3627
690
980
3475
2940
3662
5335
1603
2003
4063
8407
6951
6824
3736
6392
3281
4019
8146
7492
5360
2503
7161
9277
6546
7572
8140
5988
4423
6457
3075
4431
8627
2490
5165
4658
5209
376
8526
1901
3104
6684
240
6088
1655
6351
2710
5020
3100
5696
2851
6404
1050
9864
981
1117
8813
8141
715
618
8204
949
4912
2665
2638
5302
1404
5141
4735
6602
9842
2930
4808
5050
6660
4649
6669
232
6783
3274
2284
4876
7958
2979
6067
5140
1680
940
8821
2858
2621
9567
2494
8525
6657
667
4685
8189
7308
6542
4088
8474
5805
5714
809
8727
7757
4615
2574
1648
8135
4139
9807
6301
5161
5715
3361
5558
7951
388
4350
4364
8773
4981
2058
3410
8438
2782
2311
1077
510
4332
9570
3026
9693
5763
6929
2313
9516
7113
3829
2301
8115
2993
5307
8154
8228
4032
3729
818
4020
3406
4074
9261
4567
6408
7142
9544
2
4917
6598
5784
128
1875
2089
1418
5110
3853
5545
8892
32
735
9208
5830
8586
5942
331
4915
7504
7062
3206
8021
9205
8900
9107
4843
4306
6898
897
4111
8604
3068
7050
8833
5562
214
2055
8953
5567
7157
9024
6790
3781
5133
1999
1074
6394
77
3391
6821
7581
7292
9891
636
1326
3890
5026
1921
2366
8810
4443
4548
6245
8039
4885
3667
1465
9549
8321
567
7178
179
7870
2396
6151
8499
8430
2501
8017
2144
6799
989
8654
3730
6571
1828
6163
9109
9375
9006
5269
5845
8410
5661
4505
2370
7712
3518
5047
6298
229
3577
289
4673
5348
2696
2358
3682
4607
4483
3594
4539
2454
8632
2975
183
7820
4477
5991
113
8960
2457
9489
765
2783
2299
6710
1268
5635
6077
8186
9632
9182
6622
4786
9062
3433
6696
1623
6113
5787
6937
7441
1585
1882
5443
2740
7290
9156
3625
8308
9911
3314
3103
1211
8106
1982
3009
2711
300
7193
3783
9886
4589
1950
718
5137
5403
9983
3444
445
8279
3545
6596
4235
6892
8955
5441
6079
3255
1185
1068
5667
5032
8067
4402
9244
8122
6385
4960
6291
291
330
6395
641
4852
8087
1338
7928
6413
6916
1361
8548
1511
8489
4919
8125
2289
6314
5802
4627
6893
7545
5228
3787
3962
7508
8981
8444
7166
1730
2116
7075
6835
1570
4154
561
9689
7036
5325
852
7637
106
4258
5553
5122
9653
7645
1874
52
3231
1771
1697
728
317
9239
4990
1349
1851
2780
9471
271
8123
2500
5190
3115
4129
9722
4635
6789
4708
4189
2226
5620
3907
7482
2970
8408
5753
4508
2541
8970
67
9995
3372
967
9445
8616
873
6575
7775
7080
4018
6664
3944
3288
2724
7560
9177
8461
7434
6117
8601
9756
8822
2349
9957
5863
4109
843
7491
8091
6116
2213
5549
2082
4779
267
1246
2434
1630
8540
660
6767
6110
2108
3034
7939
5770
3693
2015
8369
7907
2826
4275
9661
8201
8536
6637
5773
5127
1208
982
8925
5340
6325
9964
6679
7148
4438
9159
7633
1826
4366
6358
3915
4482
9444
555
9201
8723
9976
2880
5791
7115
9157
5712
5102
9972
431
8886
6478
3215
285
8216
4255
7344
6467
90
3029
6699
7438
6623
5833
4375
1924
9866
9624
6380
7046
6549
3035
4565
1137
6905
7726
8205
7008
9461
7550
5034
1888
7813
5151
5031
2768
4510
6442
9806
7340
5739
727
2263
3333
2096
1124
9238
3940
1556
837
3991
7003
9439
4516
2103
7981
1401
698
5758
2865
2536
7275
626
2025
8479
8644
2196
1215
2451
2625
1452
8778
1885
2321
5466
1781
3844
8288
4359
7745
8011
694
6894
3500
5797
905
7617
6906
5588
1100
594
5990
617
4942
6868
7832
1245
8412
3477
9294
2746
3157
350
3852
4256
9993
5370
1993
5208
9532
6441
1701
4474
3232
3386
9714
1525
5406
5408
9034
8377
3617
1821
8390
8283
3509
6994
9360
2752
6647
6248
609
5693
9780
3941
3193
4553
1313
7211
2662
1091
7378
2183
1908
3606
9892
936
6329
9950
5542
8211
630
3976
946
2269
7574
132
8891
320
1213
9412
1738
5656
1005
3775
141
8387
1399
914
6899
2097
7921
7199
4784
4741
9708
3656
5143
6604
3648
8022
98
2329
2087
6619
4993
2602
6678
3681
8658
2259
4220
2867
4551
3326
854
4133
1926
549
6744
7657
7389
776
4948
9103
5786
9172
2024
1347
6469
9773
5149
6558
1930
9358
157
8982
7414
8319
8765
4041
6854
1054
737
5287
9237
7277
3175
2099
5976
4234
2633
6832
7685
3275
6536
5407
6912
3301
4153
5754
8133
870
8082
9811
6715
6809
1649
7881
3497
6211
6480
178
1845
1633
5433
5014
6587
3929
2422
5452
6448
244
9405
8763
6479
9839
6976
7781
8556
6797
6475
6416
223
8725
6193
4944
8830
4984
6176
3658
6204
3003
9735
9113
6483
7688
4488
6734
8048
9538
1291
4703
1393
8488
295
752
8857
3812
5480
9079
788
2655
9593
1207
1986
434
4441
8532
9997
615
6591
6490
2677
6512
1688
2508
3878
7334
5812
7571
9781
9607
6718
7156
3136
2879
5315
8345
8185
8391
7628
7066
8569
9458
4078
1543
7854
1216
9384
1384
5255
6172
7174
3516
824
6078
9789
1757
8445
3620
9324
8453
7285
8040
6373
159
7626
2398
6402
5148
8967
8231
2146
6663
9003
390
4259
9417
5074
7515
45
4287
2369
9432
6021
7286
6063
4051
319
5665
7788
5614
5890
8504
5239
255
6908
5353
5499
4128
7223
6502
3416
344
6105
1156
1752
5505
8101
2190
2233
4367
5977
5720
1381
2478
8072
6913
2275
8795
177
7327
3751
2517
8511
9272
7359
6897
7300
2800
6102
8647
9981
7690
9515
9376
4811
579
9072
2435
3316
1248
6208
6270
7484
833
3570
3764
5272
6765
1861
9470
9053
7892
3494
4760
9514
7610
9019
1102
7307
8164
6187
7842
260
4293
5052
676
6577
4426
2901
2714
7326
9691
2258
4289
7814
8389
5345
8839
4623
8173
1564
2796
606
8068
1609
7669
5270
1474
5244
7602
6759
6299
2266
8061
834
4462
1922
5204
6997
5860
6281
6689
2059
2660
4233
3827
5826
8785
1579
1509
1677
6771
5283
7473
600
8685
9351
1969
1545
442
553
1715
7136
9656
305
6945
4985
7957
6350
355
7764
5734
2038
3319
9625
1209
7200
4809
8923
3292
9970
1192
2007
3652
7251
517
9787
8178
9953
1639
5240
4200
6207
5490
5651
739
3712
4042
1916
3413
6243
6853
1352
5484
5774
672
8501
2047
8591
4217
9706
9213
6152
4701
8358
6961
1062
1084
6060
8603
3343
6184
3607
2176
634
9959
6427
1612
3405
2774
9110
123
9531
4974
8275
8437
3834
7316
2860
9184
9619
9083
2604
4963
5363
1867
3166
7114
3908
2095
9793
7417
2077
4973
154
9153
6439
9202
4400
1959
3719
2609
9014
4239
3476
6049
8054
5609
6168
6837
8033
1178
8522
4576
4665
5966
6452
5602
8473
6713
6393
8703
5995
5503
6873
900
7987
3064
2462
8834
1385
3362
4376
1605
9575
6458
3582
3480
150
5806
5426
4603
2886
5970
3387
6324
4348
3335
5167
2687
2261
4507
2771
363
8798
5401
5221
309
8457
2906
4473
1696
7889
7167
9181
2726
380
7868
1858
3897
1897
4655
400
4524
7234
8666
5450
6737
6388
2833
3961
4
3296
4594
1159
6139
404
4789
1022
9744
9377
6273
3327
3504
8537
2977
174
603
8401
4895
8227
6534
2227
5384
5271
1183
7095
6229
2731
397
4313
9446
6305
10
5177
9116
9459
3822
3784
6258
5100
3142
1076
6125
3919
5237
4229
1544
8781
8483
2373
9475
5660
2956
9383
3
8487
1573
1312
729
3310
5633
6445
1802
985
3815
4996
6443
8429
9004
8538
3986
9313
2267
5603
292
1438
9092
8578
6317
9684
4185
699
6178
6931
2606
8443
6379
8669
4115
1408
3466
3426
5309
3052
7525
1152
452
7337
3036
6705
9897
1321
2217
4816
1712
9888
1106
7213
1405
2953
763
6013
2341
3677
9641
5985
1641
518
2383
4647
7043
6476
4356
171
4143
18
8267
4021
646
4773
2403
7737
1380
9288
3487
8674
2671
8615
163
7177
1887
3203
5745
4043
678
7232
9949
5908
1846
8351
2127
8859
7731
6814
73
1242
7924
1614
1963
2814
7469
1529
5912
8241
4559
3011
4417
5772
932
4013
5163
7179
2709
5457
7383
2152
5369
4251
4161
7069
1864
5001
6119
3732
7238
7994
9759
7683
328
5164
3791
2481
4340
203
465
2639
1635
4803
9262
7123
2667
9295
5008
1093
9301
5811
4968
1725
990
7296
3724
3336
5304
446
4337
8598
1742
4497
1335
8750
1473
9068
3471
3779
230
5492
8796
8170
9437
4059
4691
9250
4082
2208
4878
3369
5030
6741
1089
5818
1548
9835
6138
4330
346
5364
2121
1459
4748
3179
2397
3810
8988
6860
7541
4972
1789
4052
8398
252
3400
8998
7999
100
3484
7793
1064
1869
4148
2389
3181
6421
6266
2439
2946
4867
102
2631
9999
2134
8883
965
7827
7879
213
3271
7538
9687
6288
270
4083
9928
9611
625
8846
7975
9336
5612
1732
6509
6419
5522
5262
5552
9504
891
2759
8870
2290
4383
4050
9764
6634
5955
4177
197
8193
948
9557
7723
7597
3479
8343
8757
7542
2877
3969
9776
3436
8573
9716
7352
3490
5155
3720
8939
1131
3539
2962
7959
649
7743
1536
5202
7172
2012
937
3190
1952
3769
5515
9257
2022
1013
7440
8285
6098
9754
7927
7330
2277
1201
19
1423
7506
2185
1942
2167
7204
4672
3337
2577
6206
9503
642
6233
1538
7744
3467
8937
5284
8041
9402
7295
7792
2509
3441
4320
1990
7562
537
2568
9169
857
978
4529
8103
276
9393
8973
8129
9010
6574
3861
8009
8322
6851
984
5999
9468
7159
4667
2449
1020
1598
2430
6120
1745
6968
5708
1814
7042
6556
3223
2594
9724
9795
8824
3243
6084
1082
8911
3269
5292
5640
226
1563
8042
645
9572
7631
5157
1502
6592
8929
4517
7667
4525
1235
7818
9318
2749
6366
1353
7878
1560
9389
5895
6020
2453
5778
8650
12
5448
8510
82
6255
9737
151
8705
4922
8872
9455
395
6104
7694
5112
9064
7511
332
9729
6770
462
9747
2915
8768
9274
9772
5380
8426
9427
2052
7208
7
8671
3278
2111
4435
9486
9342
1270
8414
2753
4399
485
8294
3126
520
9310
4527
4979
9682
2316
3439
3347
7244
8850
4656
7137
1420
3609
5686
8311
4690
7558
5359
8194
4834
5859
7374
2307
5184
9454
4414
6796
218
4190
2319
7497
9573
1083
6538
8077
2881
482
855
8053
501
3870
4660
3995
3952
5546
7993
657
2741
5095
6259
3733
4308
2420
8057
7453
8722
6071
4555
862
9366
5513
5670
2890
126
5134
6695
7654
7794
5650
872
9707
6969
1674
2958
2048
943
6784
1204
1148
8903
708
7430
692
8928
4401
6042
8325
9346
1251
9149
8005
3619
2188
8977
8386
1181
8751
7155
9509
9309
6069
1146
3790
9060
9631
2762
2310
495
4045
6451
3983
6087
3069
4882
9550
5097
253
6584
3711
7673
4026
1571
1704
2841
9715
1522
3165
7943
1471
2675
8575
51
3659
6907
4257
5275
4487
3903
7579
2773
3227
4103
3923
743
1222
1239
1243
8792
5898
4745
2830
3875
4296
959
1432
9374
1221
3850
6039
2978
1318
46
2142
9578
6205
164
441
354
2148
9265
3158
4478
7848
6280
1171
3770
6891
9382
3831
9713
6132
8352
1731
6889
9989
3530
7997
2654
7578
6804
4002
5025
6030
2046
9628
5507
1095
4246
2308
8451
2504
7299
198
2596
1042
7851
3092
2727
1314
2674
1520
5521
1554
4484
1568
1329
5084
7867
4824
2514
4243
3697
8010
5265
8541
4276
5378
6111
638
5092
5219
9870
4068
5987
9757
6980
2131
5706
7358
1958
8466
3630
9414
1019
5182
4060
2159
6655
1168
2287
4456
308
5668
5703
1300
5798
805
6217
6555
4198
6576
1836
3194
4921
3143
5434
1818
5181
1889
7945
5132
4964
800
2050
4718
3412
6068
2238
1778
3604
4764
631
9901
3043
4600
8735
2242
9263
9399
908
5873
1865
6161
6420
2179
4057
3857
7543
1297
318
162
6686
9847
9473
2704
5349
5809
2831
2682
3728
6928
6886
5605
2456
8366
4841
9946
2344
7784
6057
5419
3756
2281
1694
6763
6171
7609
316
927
4593
7091
4281
787
6080
3013
8881
8517
4489
5489
1772
2489
5498
6430
972
539
2455
2863
6179
5850
4208
9973
2406
9621
4432
3661
3028
3695
9602
4446
4758
9451
2394
2068
3225
8799
8339
7806
5986
4712
3959
2120
9287
1214
1047
2745
850
2415
7640
5816
2071
701
771
1770
2061
9938
9743
5376
6158
7623
2387
9852
6438
2516
9669
8605
4955
7132
3871
8014
514
5379
9731
4613
7856
2924
4205
3590
6688
8382
8044
8310
6344
8001
5744
1756
4358
9225
7409
2705
9187
9825
8397
5107
648
5834
6846
5639
3573
278
6613
8356
2019
1016
5346
8136
1521
4303
8163
9591
1391
7190
2861
7746
6978
3418
2729
3328
3612
9944
6043
3071
1429
7168
8986
6965
2113
4166
4096
8807
1265
5828
7786
5610
2492
6943
1034
3488
1287
3596
2458
8978
4305
3033
96
9586
1747
2400
9827
9645
2069
8905
6302
6996
3930
2169
7872
1422
8246
8745
1659
166
629
8160
8494
4230
8251
8056
4440
3050
9798
9186
8867
1457
9523
5067
4543
9594
7809
3154
9934
5841
734
976
7703
1651
8394
6984
5
8636
5352
7763
5593
9932
3020
5245
9704
8557
1134
8049
5749
8775
3597
6855
2160
7580
58
5751
6888
931
3346
3963
1698
7933
2797
9367
9036
2719
9917
2357
6434
7361
986
7476
7900
6843
8985
1692
736
9536
6450
4940
4270
6147
5205
8899
3585
4813
6840
5888
4914
6707
819
9492
8492
8148
5511
789
5418
3690
4515
3353
8475
3628
7051
1595
8779
8184
8869
2526
5318
3008
7938
2230
4227
3381
3999
7600
4724
2016
9368
5471
5121
473
2588
3356
6947
896
7477
3087
977
7584
906
9395
8341
4698
7304
1031
7240
3777
9879
8947
9207
5386
5887
168
7668
262
5183
6186
4978
9488
8365
6845
3593
6942
7278
574
4062
1900
1257
6053
296
9605
5839
9194
7027
4294
5847
2030
2441
1290
5313
4509
2996
4857
2002
7258
2922
1008
3603
4767
9685
2444
2952
3896
3493
7855
3303
4766
3653
9855
1823
3241
3584
1053
6870
9293
5684
4029
8265
9122
6108
1414
9620
6564
5021
6370
3802
4992
3715
8959
2534
9355
1426
2155
61
5259
7563
4531
3888
742
3615
3240
5525
9415
9119
7301
2461
9998
8340
7952
9796
1539
2871
4956
9373
302
216
2735
9834
2248
1
9939
9317
175
391
5960
8790
761
832
2158
9967
1985
9816
5337
2887
8134
952
1753
5472
2856
1080
4092
9311
8664
6044
5728
21
922
1497
9500
9128
4825
4053
3951
7094
1278
3772
655
2676
840
3510
8183
1351
7716
4104
7100
572
1902
1217
7471
6724
3726
7866
5768
7212
9845
9075
189
4126
7291
9271
422
5168
9164
1919
1492
4164
5382
1441
1854
2081
7181
2245
8907
6652
9709
5538
9736
951
6529
5374
72
4768
9571
2756
6189
6045
2460
8064
1553
8820
2181
4040
917
3046
9449
4614
7899
9540
6342
2231
9234
4155
650
8726
3797
8523
7692
2147
2317
8760
3990
3429
9174
7395
3079
2237
1961
9127
9644
2622
1798
8299
8004
6563
1260
782
8643
6752
2279
1679
659
7760
3156
995
3032
3818
7317
9379
7641
3540
2804
3832
3891
6054
7567
9133
8368
7871
798
5616
7725
8075
4444
7081
515
627
3610
4222
4636
4554
947
2256
498
5416
3738
6319
5135
5447
111
5322
3924
41
6656
3459
6957
8987
3164
8941
1448
9969
4622
9836
3705
7772
587
5820
9012
6016
2600
9525
1164
3927
2377
1601
500
4209
4424
6830
7754
4924
9170
4873
4044
4238
1279
7875
153
9609
6805
101
8247
1898
1516
8670
7302
3821
511
3099
1127
359
9650
7276
6560
3774
3197
9283
889
4144
1542
1436
2693
1894
70
8476
1809
532
7970
2683
6444
6059
237
341
9008
1737
2545
4500
3088
6134
6367
5146
1914
1906
7514
1449
2844
1443
9630
8242
8789
2566
8441
7391
7533
3626
5861
8559
754
7272
5308
4874
4355
8730
1760
2093
9420
2681
3686
8889
402
6198
5389
3668
1403
4095
5733
1339
1939
4362
3125
5393
9105
8866
1782
8361
9204
2343
2679
414
4282
1078
8620
1043
5390
8258
3112
9730
2249
9805
801
795
6958
2720
9340
9232
2335
7906
1453
469
8347
6214
4188
8252
9982
7962
3549
6510
1700
7018
3911
1021
8175
191
4663
3159
351
8933
3178
684
8428
8281
3553
9542
7297
4316
313
8642
1480
1824
7522
7225
9102
4823
4550
3140
1150
3932
703
4329
5885
5631
7955
7778
5789
4347
9023
6723
322
6422
329
1708
8182
2447
5775
8206
2747
3183
2102
7256
5089
7898
5145
6081
503
1891
220
8469
8248
6135
4723
7269
4007
1642
4732
6516
766
4706
3883
1687
294
2818
110
2750
582
8240
1953
7436
418
2673
1442
6403
2923
6756
9171
4202
1467
1762
7923
635
7449
4778
1255
225
9961
2983
5037
1267
4581
1410
3228
383
8195
8270
9603
7729
4058
9678
7649
4872
3674
2543
6327
8051
256
6970
6755
3189
1145
7636
2812
2274
4514
8619
4797
601
7176
5486
5821
3081
5700
169
6807
2558
9562
9190
1007
283
2255
5372
8520
9896
8743
9017
8639
2470
6731
890
1419
1567
1125
9447
2763
4695
3170
3313
7902
8355
5530
4782
2739
1831
6694
2247
6376
5101
9673
2864
6360
8419
117
4579
3578
2112
8774
4299
476
7087
5997
9563
9371
9392
6118
2663
8617
9285
4464
5846
6279
301
9007
5300
5992
4304
9474
9000
9889
2421
8393
3250
1063
2257
8958
4466
7941
5115
8715
717
1470
8838
5249
6794
7014
9160
467
7061
3864
1774
4147
2732
4374
9980
6896
3000
6010
920
3892
8464
779
6414
1675
6294
5036
2601
2968
4849
4099
2298
1773
6865
6436
1822
3086
1855
8991
1454
9900
5944
4005
2761
916
5169
5035
5317
416
2431
1592
633
4341
9203
221
2835
6909
6649
1994
2322
9915
425
4929
118
7241
3910
6640
4932
4038
7479
9323
2789
266
8663
7002
8220
8542
6550
4404
2110
8975
6852
8143
421
4169
6910
731
9664
4263
6311
8036
2199
3618
6864
7821
8088
7077
7625
5547
5238
8500
2522
861
7513
7333
5495
9022
812
2589
9859
2944
9406
8661
9844
8296
6946
5896
6747
7431
7224
9662
3935
4676
1643
4106
7198
115
6375
6023
5673
7063
9388
8353
2364
1945
2467
3542
1734
7887
1315
2240
4880
6627
7480
9052
1386
4242
6986
4681
4521
8379
2603
2688
7789
9130
807
5468
2531
2119
3981
2562
4138
2971
3984
8698
9520
3768
6278
1052
3294
9902
6810
6353
8167
7860
7850
5930
6691
6895
8545
6237
120
639
9183
790
2246
2363
1859
184
5096
4176
2878
3485
4221
6570
3747
8682
6167
2045
8098
4775
5886
4084
4250
7665
5289
8637
8706
3789
3486
1853
9212
2934
5769
2189
7914
8672
7288
5644
822
4170
996
4023
6618
5017
9660
4134
9070
3131
1388
9145
3287
5477
8524
5437
720
7386
1574
3421
5118
4469
8924
8305
1884
1066
9952
4643
6232
5571
5698
1142
9055
7341
7194
3065
9002
7328
6915
381
7303
3363
1577
5260
3704
4105
9166
4798
8827
4677
7671
2645
4249
8395
89
592
5801
2837
8372
2511
7911
2553
5281
6368
1424
3015
6930
3195
4203
9966
5695
4146
2535
9665
5316
1992
886
8363
5279
286
9039
6921
5915
8767
6935
9909
1662
4457
5632
3176
1433
1917
6428
8030
9319
3537
4054
6166
3245
6472
311
2410
9126
5680
2254
1103
7247
6955
721
8753
877
3031
1056
4666
8558
5242
1654
5250
6129
9125
8992
1819
9930
8684
4309
9875
3006
7605
2001
5220
4137
9666
2708
130
7517
5907
849
9555
1909
8460
5638
9554
846
6345
5732
3105
8209
3692
4624
844
9210
8543
6501
6371
3368
2135
4412
8490
361
7769
8304
1920
950
9430
5451
4403
3529
8233
3901
4211
1139
211
4839
5746
2419
3378
724
9121
4022
3799
6610
4452
4512
3591
2661
7105
6778
8037
5711
6671
7415
3329
3696
4619
7421
8089
7913
7935
1059
8411
719
8701
8145
7338
459
9086
6661
4140
33
1224
366
1196
4739
6977
7455
9584
4206
3837
726
2177
8597
1462
5179
4628
2086
745
7730
1310
31
968
324
2021
6364
1562
816
4962
3933
6949
7266
8452
8716
4363
6491
5268
1451
3507
2282
2132
1552
7804
5461
973
1070
5694
5173
7398
8250
8818
7169
5073
2480
6641
6882
3217
4481
5402
8117
6795
8237
4405
367
81
3256
9235
1650
7901
3838
9158
4580
9840
6956
8720
4361
7795
3660
1355
8095
3947
1835
1372
4112
3650
4085
6473
8930
8876
9498
2518
8748
2921
8747
3472
3308
7085
6995
1485
576
5022
6964
2507
9703
4744
6719
5884
6073
1923
1435
1610
2392
541
4121
204
1637
6349
7445
142
236
9762
1996
608
7509
6103
2118
7693
8802
8080
8018
9112
7408
3835
4743
4787
3458
923
2465
7222
2632
671
9670
4831
1913
8851
6953
7776
4740
2995
9679
8572
8693
2192
2994
2164
6818
3037
2326
4680
451
1844
8600
2060
1299
6183
8613
8691
2965
8815
8898
3813
674
1333
1002
9867
3188
7618
7126
188
9241
7658
697
3956
3456
1797
5310
1699
4949
3872
3671
9229
3070
6146
2165
2423
9460
7188
8043
4736
4801
8142
5910
3773
2280
8659
1602
9996
3268
1109
3409
5105
3937
7255
4998
9675
7566
5422
8741
9442
8092
8291
3698
4689
5589
5128
8626
772
2034
3025
0
7236
5865
9349
682
250
7237
836
4288
8808
217
1286
9144
281
9370
2597
7783
5195
1261
6857
6426
4283
8348
9387
8707
7823
7676
3538
5584
1769
4157
7006
530
6559
3254
1428
9400
7141
2733
5264
7738
2040
3575
3021
6025
1250
4591
5321
6093
2570
2482
1709
2367
3767
3960
2755
2598
3826
5510
881
2583
5086
9608
1763
209
471
6047
3678
6777
56
6605
4556
7577
9858
1004
8455
2273
2334
4863
228
9136
7862
2004
7012
5290
4535
5776
7989
8656
2328
4344
9894
9986
909
5975
3066
5176
9778
7262
4564
3352
4199
8333
4609
8882
806
6240
6609
7437
1240
7460
3796
1305
5648
6750
8842
3401
6720
9255
5579
1796
3806
9253
9711
6101
1549
7422
966
1839
3808
7883
458
3396
6573
9627
6185
1323
2700
2728
7779
6941
4421
6381
3536
2650
9246
8699
8350
2649
2670
6335
4071
7227
6412
7826
2286
3863
7057
8047
8008
2637
9968
1165
8840
4869
6540
3323
6066
6732
5065
3019
3631
7464
5835
4000
7143
8962
5539
4388
8621
6282
3856
9465
5367
1841
2605
2659
2285
3564
9419
1466
2219
2703
8425
5319
5392
1155
5544
8221
4810
6234
3699
8073
4574
7967
2180
2471
4218
9135
847
1685
8472
4447
17
2475
114
7573
3780
9761
6292
5687
2459
1857
3860
1258
6341
1508
4152
9275
8107
5972
212
6594
7116
522
5330
6617
5914
2348
5636
5938
8585
5880
8696
9511
3367
8502
1348
4750
8312
4675
3344
993
7791
8976
9378
5645
4792
6242
1780
6925
7298
1411
9877
4584
4335
888
4475
3309
91
1306
5063
878
5159
2198
5409
1689
9059
314
8203
279
4271
6535
876
5087
5251
2571
4123
3817
4997
4119
8364
1510
4731
6736
1693
6874
6524
3689
2935
987
9278
9881
4587
488
